Mean Dice score: 0.8349159359931946
mIoU: 0.750907301902771
Precision: 0.8663771192818109
Recall: 0.8413800944426009
