Mean Dice score: 0.8283261656761169
mIoU: 0.8516504168510437
Precision: 0.8249826607200452
Recall: 0.8764594423876502
